[gd_scene load_steps=5 format=2]

[ext_resource path="res://CharacterController.tscn" type="PackedScene" id=1]

[sub_resource type="GDScript" id=5]
script/source = "extends Camera

var player


# Called when the node enters the scene tree for the first time.
func _ready():
	player = get_node(\"/root/Character\")


func _process(delta):
	translation = player.translation
	pass
"

[sub_resource type="PlaneMesh" id=3]

[sub_resource type="BoxShape" id=4]
extents = Vector3( 1, 0.124709, 1 )

[node name="World" type="Spatial"]

[node name="Character" parent="." instance=ExtResource( 1 )]

[node name="CameraPivot" type="Position3D" parent="Character"]
transform = Transform( 1, 0, 0, 0, 0.968073, -0.250667, 0, 0.250667, 0.968073, 0, 1.84829, 0 )

[node name="Camera" type="Camera" parent="Character/CameraPivot"]
transform = Transform( 1, 0, 0, 0, 0.356869, 0.934155, 0, -0.934155, 0.356869, -0.916789, 10.8134, 9.97017 )
projection = 1
current = true
size = 18.0
script = SubResource( 5 )

[node name="Platform" type="Spatial" parent="."]

[node name="PlatformMesh" type="MeshInstance" parent="Platform"]
transform = Transform( 16.5072, 0, 0, 0, 1, 0, 0, 0, 16.5072, 0, 0, 0 )
mesh = SubResource( 3 )

[node name="PlatformStaticBody" type="StaticBody" parent="Platform"]
transform = Transform( 15.8461, 0, 0, 0, 0.25, 0, 0, 0, 15.8382, 0, 0, 0 )

[node name="PlatformCollision" type="CollisionShape" parent="Platform/PlatformStaticBody"]
transform = Transform( 1, 0, 0, 0, 1, 0, 0, 0, 1, 0, -0.148926, 0 )
shape = SubResource( 4 )

[node name="DirectionalLight" type="DirectionalLight" parent="."]
transform = Transform( -0.199405, -0.432755, 0.879182, 0.150997, 0.872915, 0.463918, -0.968214, 0.225261, -0.108719, 0, 8.67368, 0 )
shadow_enabled = true
